Energy	I0	Sample	Reference
6440.06	803282	1.73347E6	1.71981E6
6441.45	802477	1.73264E6	1.71884E6
6443.73	801308	1.73299E6	1.72085E6
6445.89	800327	1.73321E6	1.72322E6
6447.89	799408	1.73347E6	1.72541E6
6449.93	798449	1.734E6	1.72887E6
6451.94	797779	1.73504E6	1.73217E6
6454.02	797549	1.73762E6	1.73713E6
6455.95	796622	1.73837E6	1.74024E6
6457.91	795768	1.73932E6	1.74249E6
6459.96	794855	1.74024E6	1.74593E6
6461.97	793966	1.74081E6	1.74899E6
6463.94	793057	1.74157E6	1.75217E6
6465.96	792106	1.74217E6	1.75502E6
6467.93	790947	1.74217E6	1.75764E6
6470.07	789817	1.74266E6	1.76025E6
6471.92	788847	1.7432E6	1.76219E6
6474.06	787919	1.74392E6	1.76626E6
6475.96	786968	1.74442E6	1.7688E6
6478.02	786009	1.7455E6	1.77148E6
6480	785150	1.746E6	1.77528E6
6482.02	784072	1.74655E6	1.77672E6
6484.05	782950	1.74677E6	1.77937E6
6485.99	782143	1.74756E6	1.78217E6
6488.02	781209	1.74804E6	1.78488E6
6490.05	780473	1.74847E6	1.78674E6
6491.88	779623	1.74917E6	1.78972E6
6494.07	778647	1.74994E6	1.79215E6
6495.9	777808	1.75004E6	1.79323E6
6498.14	777236	1.75194E6	1.79755E6
6499.89	776509	1.7521E6	1.79879E6
6502.08	775537	1.75248E6	1.80062E6
6504	774496	1.75325E6	1.80306E6
6506.08	773548	1.75355E6	1.80454E6
6507.96	772781	1.75386E6	1.80512E6
6510.04	771661	1.75391E6	1.80641E6
6511.96	770739	1.75438E6	1.80746E6
6514	769993	1.75498E6	1.80734E6
6516.01	769094	1.7553E6	1.8077E6
6517.97	768088	1.75474E6	1.80647E6
6519.98	766886	1.7547E6	1.80437E6
6522.07	765919	1.75465E6	1.80199E6
6524	764988	1.75418E6	1.79841E6
6526.09	763989	1.75383E6	1.79324E6
6527.94	763552	1.75405E6	1.78715E6
6530.04	762959	1.75397E6	1.77684E6
6530.41	762714	1.75353E6	1.77329E6
6530.53	762523	1.75306E6	1.77176E6
6530.94	762380	1.75279E6	1.76926E6
6531.27	762225	1.7528E6	1.76656E6
6531.43	762064	1.75266E6	1.76516E6
6531.8	761843	1.75231E6	1.76138E6
6532.17	761569	1.75176E6	1.75779E6
6532.3	761557	1.75176E6	1.75548E6
6532.75	761384	1.75108E6	1.75124E6
6532.96	761280	1.75078E6	1.74894E6
6533.29	761120	1.75029E6	1.74435E6
6533.61	760815	1.74951E6	1.73861E6
6533.86	760542	1.74884E6	1.73472E6
6534.19	760489	1.74851E6	1.7292E6
6534.48	760130	1.74788E6	1.72391E6
6534.85	759784	1.74688E6	1.71632E6
6535.06	759587	1.74622E6	1.71198E6
6535.38	759487	1.74584E6	1.70489E6
6535.71	759194	1.74499E6	1.69527E6
6535.92	758877	1.74389E6	1.68702E6
6536.29	758605	1.74281E6	1.67415E6
6536.66	758295	1.74209E6	1.66026E6
6536.83	758288	1.74195E6	1.65489E6
6537.24	758228	1.74125E6	1.63532E6
6537.57	758026	1.74041E6	1.61756E6
6537.73	757963	1.73984E6	1.60498E6
6538.15	757616	1.73805E6	1.57032E6
6538.31	757428	1.73719E6	1.55056E6
6538.76	757189	1.73507E6	1.49928E6
6538.97	756857	1.73319E6	1.46332E6
6539.34	756576	1.73036E6	1.38399E6
6539.59	756422	1.72756E6	1.30168E6
6539.92	756198	1.7232E6	1.16902E6
6540.17	755990	1.7178E6	1.04696E6
6540.54	755841	1.70808E6	878498
6540.83	755613	1.69786E6	753804
6541.16	755429	1.68255E6	624852
6541.4	755215	1.67279E6	563927
6541.69	755586	1.66139E6	499681
6542.02	755431	1.65056E6	445232
6542.27	755268	1.64607E6	414011
6542.6	755014	1.64255E6	382746
6542.89	754859	1.6411E6	362704
6543.26	754409	1.63714E6	340502
6543.43	754293	1.63462E6	332794
6543.84	754065	1.62647E6	316996
6544.13	754068	1.62059E6	309770
6544.46	753975	1.61359E6	305317
6544.58	753847	1.61053E6	303630
6545.04	753428	1.60291E6	297951
6545.37	753276	1.59776E6	290687
6545.53	753095	1.59411E6	285436
6545.9	752837	1.58667E6	271870
6546.28	752630	1.57912E6	258426
6546.44	752742	1.57603E6	252958
6546.77	752584	1.56786E6	243279
6547.14	752379	1.55664E6	233940
6547.35	752356	1.54899E6	229110
6547.68	752187	1.53213E6	220786
6548.01	751932	1.5085E6	211511
6548.26	751766	1.48598E6	203397
6548.59	751683	1.44943E6	190677
6548.84	751189	1.41805E6	180576
6549.21	751049	1.3734E6	166214
6549.5	750894	1.33709E6	155312
6549.87	750738	1.28705E6	140697
6550	750620	1.26698E6	134680
6550.41	750477	1.21131E6	118941
6550.7	750256	1.17352E6	108385
6551.07	750305	1.13429E6	98070
6551.24	750582	1.11895E6	93941
6551.57	750386	1.0829E6	85562
6551.94	750223	1.0422E6	77076
6552.07	750054	1.02499E6	73739
6552.4	749767	983512	65773
6552.89	749524	939265	57801
6553.14	749320	918975	54434
6553.31	748485	901873	51678
6553.81	748194	866058	46315
6553.97	748096	850153	44041
6554.3	747957	823034	40697
6554.63	747769	791606	37146
6554.88	747633	768861	34903
6555.26	747511	736727	31926
6555.42	747248	722890	30716
6555.79	746811	688683	27873
6556.13	746526	661320	25823
6556.46	746286	635300	23983
6556.62	746114	626495	23309
6557	745828	602411	21759
6557.37	745637	588187	20905
6557.54	745479	581801	20526
6557.95	745148	568772	19927
6558.16	745752	564563	19685
6558.53	746120	558278	19619
6558.86	745833	554323	19655
6559.03	745816	552870	19684
6559.44	745453	550517	20040
6559.69	745249	549748	20250
6560.07	744973	548863	20735
6560.19	744865	548541	20937
6560.61	744419	547768	21526
6560.94	744313	548130	22003
6561.27	744138	549732	22572
6561.4	744090	551003	22771
6561.85	743840	556182	23431
6562.06	743592	559700	23756
6562.39	743404	566854	24327
6562.72	743231	575145	24890
6563.02	743096	581929	25309
6563.35	742806	589853	25754
6563.51	742603	593023	25838
6563.93	742389	600331	26231
6564.26	742176	604900	26443
6564.43	742045	606479	26448
6564.8	741723	609747	26456
6565.18	741463	611739	26427
6565.38	741446	612674	26362
6565.76	741316	614157	26361
6565.92	741308	614913	26340
6566.34	741035	616824	26188
6566.55	740781	617619	26234
6566.92	740593	619831	26147
6567.17	740273	621339	26096
6567.55	740317	624174	26160
6567.67	740125	625414	26106
6568.13	740016	629330	26246
6568.46	739901	632818	26362
6568.63	739736	634507	26294
6569	739437	638922	26443
6569.38	739186	642761	26643
6569.54	739116	644168	26630
6569.88	738194	646266	26654
6570.25	737978	649032	26811
6570.38	737853	649892	26822
6570.79	737674	651927	26923
6571.09	737549	653295	26990
6571.46	737364	654130	27038
6571.59	737145	654403	27052
6572.04	736993	654909	27138
6572.25	737477	655652	27122
6572.63	737348	655792	27106
6572.96	737137	655469	27161
6573.09	737004	655474	27187
6573.5	736717	654839	27149
6573.84	736525	654369	27163
6574.21	736207	653412	27141
6574.38	736111	653073	27118
6574.67	735397	651804	27100
6575.04	735351	651226	27052
6575.17	735221	651244	27053
6575.59	734972	651313	27041
6575.92	734918	651792	27103
6576.3	734757	652978	27087
6576.42	734701	653719	27158
6576.84	734270	655769	27146
6577.13	733475	657521	27126
6577.51	733313	660562	27219
6577.63	733099	662022	27269
6578.05	732738	666434	27369
6578.26	732542	668602	27309
6578.63	732325	673036	27410
6578.97	732118	678015	27520
6579.13	732793	681444	27676
6579.47	733020	686704	27738
6579.8	732811	691932	27854
6580.1	732653	696058	27913
6580.47	732422	701566	28034
6580.6	732108	703459	28080
6581.06	731762	709562	28094
6581.22	731668	712814	28234
6581.64	731312	718642	28248
6581.81	731053	721580	28271
6582.23	730811	727219	28367
6582.6	730780	731509	28296
6582.77	730725	733918	28420
6583.15	730498	739179	28383
6583.27	730350	741062	28423
6583.69	730058	746335	28450
6584.02	730047	750729	28418
6584.36	729885	755092	28460
6584.57	729854	756751	28407
6584.9	729547	760465	28425
6585.24	729375	764308	28355
6585.53	729388	767277	28368
6585.87	729125	770365	28302
6586.03	728978	771669	28309
6586.45	727965	773641	28163
6586.66	727871	775050	28209
6587	727642	776788	28124
6587.33	727428	778493	28098
6587.62	727222	779614	28133
6587.96	727049	780950	28143
6588.08	726723	781035	28062
6588.55	726482	781898	28161
6588.75	726819	783054	28221
6589.09	726499	783355	28291
6589.42	726197	783615	28375
6589.68	726083	783833	28440
6590.05	725882	783858	28656
6592.02	723403	781307	29515
6594.08	703816	757358	29823
6595.88	723941	768235	31059
6598.07	724140	749701	31265
6599.96	722896	729961	31471
6601.94	722032	714920	31759
6604.08	720997	700716	31629
6605.93	720150	692160	31186
6608.08	719102	687949	30547
6609.94	718214	688289	30076
6612.13	717102	690822	29547
6613.95	716174	693982	29051
6616.06	715357	699226	28666
6617.83	714536	704171	28476
6619.99	713487	709939	28354
6621.94	712614	713856	28441
6624.05	711778	715891	28732
6625.83	711006	715331	28894
6628.04	710311	711583	29192
6629.86	709509	706442	29394
6632.07	708404	701003	29704
6633.9	707599	699174	29915
6636.15	706513	699822	30070
6637.9	705497	701595	30135
6640.11	704647	703408	29870
6641.94	703748	703965	29583
6644.11	702878	703374	29315
6645.9	702137	702060	29227
6648.17	701391	701210	29385
6649.87	700603	701291	29750
6652.1	699646	704022	30338
6653.93	698851	708528	30929
6656.07	698080	716114	31713
6657.87	697036	723449	32450
6660.14	696319	733249	33271
6661.85	695523	740446	33827
6664.04	694721	748523	34347
6665.93	693919	754156	34628
6668.08	692894	758793	34715
6669.92	692111	760420	34596
6671.99	691200	760003	34307
6674.1	690343	756955	33797
6675.95	689466	752644	33300
6678.01	688574	747709	32880
6679.91	687845	742987	32440
6682.07	686999	737632	32159
6683.88	686236	733363	32007
6686.17	685395	728882	31805
6687.94	684579	725828	31615
6690.06	683890	723345	31671
6691.96	683146	721750	31772
6694.04	682288	720495	31960
6695.95	681550	720195	32168
6698.07	680586	720469	32587
6699.98	679839	721703	32988
6702.06	678991	723776	33434
6703.97	678003	725786	33812
6706.1	677141	729033	34342
6707.88	676428	732443	34793
6709.93	675749	736914	35412
6712.06	674797	741161	35803
6713.89	674134	744647	36082
6716.12	673221	747743	36238
6717.95	672494	749525	36363
6720.09	671967	750738	36342
6721.92	671150	750166	36280
6724.11	670335	749376	36257
6725.94	669625	748451	36286
6728	668839	748181	36321
6729.97	668101	748360	36270
6732.16	667281	748980	36300
6733.91	666638	749857	36314
6736.06	665606	750332	36297
6737.99	665032	750653	36286
6740.01	664230	750407	36229
6741.95	663487	749836	36293
6744.14	662636	748716	36228
6746.04	661860	747839	36355
6747.93	661112	747174	36533
6750	660528	747120	36557
6751.94	659774	747079	36791
6754.15	658890	747126	37057
6755.95	658248	747694	37349
6758.03	657312	748852	37555
6760.02	656693	750456	37807
6762.01	655894	752568	37926
6764.04	654911	755376	38108
6765.99	653540	757966	38181
6768.03	652754	761827	38493
6770.02	651924	765336	38708
6771.98	651168	768301	38918
6773.97	650390	770869	39094
6775.97	649690	772875	39372
6777.97	648876	774739	39681
6780.02	647904	776223	39943
6781.97	647207	777251	40121
6784.02	646457	778001	40585
6786.03	645656	778503	40973
6788.08	644913	778148	41140
6789.91	644117	777921	41359
6792.14	643356	777100	41701
6793.92	642509	776504	41816
6796.11	641737	775837	41999
6797.86	641081	775298	42096
6800.14	640140	774867	42212
6801.93	639413	774212	42296
6803.94	638617	773761	42309
6806.01	637776	773077	42386
6807.98	636934	772292	42362
6810	636102	771587	42384
6812.02	635353	770796	42392
6814	634362	769972	42300
6816.02	633532	769841	42239
6818.04	632706	769855	42289
6820.12	631967	770390	42212
6821.96	631464	771292	42295
6823.99	630763	772579	42488
6825.97	630127	773744	42502
6828.01	629507	775101	42598
6829.99	623118	768654	42457
6832.07	623684	772853	42651
6833.97	626381	778149	43153
6836	625900	779567	43323
6838.04	625151	780604	43487
6840.03	624373	781636	43765
6841.98	623616	782383	43848
6843.93	622858	784050	44148
6845.98	622100	784718	44330
6847.97	621216	785583	44503
6850.02	620272	786004	44637
6852.02	619460	786201	44708
6853.97	618776	787015	44927
6856.02	618338	788064	45130
6857.93	617556	788346	45384
6860.03	616612	788607	45561
6861.95	615894	789213	45751
6863.95	615048	789974	46009
6865.96	614317	790916	46199
6868.06	613561	791614	46461
6869.98	612701	792170	46706
6872.09	612914	793810	46910
6874.05	612159	794431	47171
6876.02	611396	794726	47337
6877.99	610632	795176	47536
6879.92	609961	795981	47760
6882.03	609273	796500	47907
6883.96	608674	797027	48127
6885.98	599367	786105	47585
6888.09	606323	796375	48462
6890.12	605907	797032	48585
6891.91	605320	797220	48520
6893.94	604511	797460	48791
6896.06	603796	797632	48713
6897.95	603011	797805	48943
6900.07	602314	798251	49187
6902.1	602313	799729	49287
6903.9	601687	800312	49508
6906.02	600862	800722	49637
6907.97	600063	801193	49679
6910.05	599418	801878	49793
6912.04	598641	802646	49884
6913.98	597924	803461	50107
6916.02	596782	804044	50127
6917.97	595239	803993	50355
6919.97	594565	804934	50502
6921.96	593768	805802	50631
6924.1	593023	806556	50728
6925.87	592353	807418	50947
6928.01	591552	807859	51107
6929.92	590839	808335	51289
6932.06	590417	809288	51527
6934.11	589539	809494	51541
6935.93	589085	810414	51814
6938.03	588403	811121	51931
6939.94	587710	811388	52253
6942.04	586942	811623	52248
6944.1	586327	811709	52274
6945.97	585604	811858	52423
6948.03	585052	812102	52619
6949.95	584384	812273	52660
6951.97	583619	812561	52838
6953.93	582988	812756	53001
6956.05	582252	812982	53114
6957.97	581516	813183	53227
6960.08	580814	813529	53370
6961.92	579986	813379	53486
6963.99	579074	813681	53705
6966.01	578427	814264	53921
6967.99	577739	814830	54141
6970.01	577049	815100	54290
6972.04	576238	815373	54503
6973.97	575469	815624	54642
6976.05	574788	816048	54836
6977.94	574251	816760	55077
6980.02	573441	816910	55249
6981.91	572770	817068	55458
6984.04	571943	817237	55619
6986.12	571321	817487	55867
6988.01	570681	817768	56050
6990	569780	817826	56164
6992.04	569190	818488	56413
6993.89	568453	818878	56574
6996.03	567823	818845	56608
6998.07	566984	819084	56758
6999.97	566349	819322	56800
7002.07	565592	819663	56999
7003.92	564907	819814	57110
7005.88	564142	820288	57336
7008.07	563138	820257	57421
7009.97	562306	820386	57540
7012.07	561077	820316	57669
7013.98	559330	819330	57627
7015.99	541892	793743	56386
7018.04	559316	823348	58171
7019.86	561163	826815	58507
7022.06	560000	826900	58647
7025.08	559081	827836	58918
7027.95	557980	828229	59178
7031.02	556955	829189	59421
7033.9	555823	829753	59665
7037.07	554785	830699	59992
7039.96	553807	831349	60122
7043.04	552673	832114	60453
7045.98	551217	831916	60654
7049.07	550424	832895	60808
7051.96	549406	833160	61214
7055.01	548361	833524	61365
7058.05	547297	833930	61608
7060.86	546444	834823	61964
7064.06	545374	834814	62156
7067.06	544558	835145	62364
7069.88	543664	835532	62545
7072.98	542651	836008	62829
7076.05	541639	836407	63084
7078.97	540713	836636	63309
7081.98	539621	836649	63616
7085.06	538699	836841	63797
7087.88	537693	837177	64144
7091.2	536684	837586	64372
7093.94	535860	837991	64577
7097.02	534832	838615	64818
7099.96	533970	838860	65062
7103.05	532949	839756	65498
7106.04	532032	840302	65630
7109.03	531132	840969	65889
7111.88	530183	841348	66199
7115.03	529112	842042	66482
7117.93	528035	842299	66450
7121.08	527016	842752	66759
7123.94	526017	843176	66934
7127.05	524715	843482	67005
7130.01	523490	843135	67183
7133.03	522239	842909	67280
7136	520759	842127	67264
7138.92	519773	842305	67569
7141.99	518980	843325	67827
7145.07	518092	843816	68025
7148	517272	844279	68297
7150.98	516381	844565	68618
7153.96	515502	844937	68811
7156.95	514483	845494	69072
7159.99	513603	845802	69317
7162.98	512724	846273	69611
7165.97	511838	846652	69862
7168.97	510751	846769	70036
7171.92	509824	846789	70376
7175.07	508821	846996	70550
7177.93	507921	847001	70839
7181.03	506642	846819	71008
7184.04	505910	847315	71433
7187.06	504950	847480	71631
7190.02	504079	847875	71871
7193.04	503121	848140	72068
7196.06	502127	848470	72298
7198.88	495679	839599	71881
7202.06	500421	849612	72946
7205.04	499586	850200	73079
7207.92	498900	851012	73396
7211.05	498106	851428	73817
7213.89	497215	851823	73972
7217.03	496101	851952	74353
7219.97	495112	852418	74547
7223.01	494179	853114	74831
7226.11	493288	853556	75011
7229.01	492466	854032	75393
7232.01	491668	854634	75678
7235.11	490763	855148	75874
7238.02	489901	855511	76236
7241.03	488950	855772	76629
7243.83	487994	855959	76766
7247.1	486914	856090	77056
7249.97	485956	856132	77244
7253.04	485071	856322	77663
7256.06	483895	856147	77648
7258.98	481273	853384	77743
7262.11	483370	858940	78402
7265.04	482233	858819	78655
7267.92	481002	858129	78827
7271.05	480121	858553	79082
7273.99	479252	858484	79335
7276.98	478344	858679	79677
7279.92	477476	858784	79814
7282.96	476396	858309	80008
7286.06	475406	858189	80244
7289.01	474729	858562	80380
7292.11	474075	859022	80762
7294.91	473283	859471	80973
7298.02	472424	859614	81273
7300.98	471496	859694	81576
7303.99	470633	859860	81707
7306.95	469727	860298	82145
7309.97	468813	860473	82234
7312.99	468186	860938	82702
7315.96	467496	861673	82975
7318.93	466694	861778	83200
7322.06	465729	862038	83543
7324.88	464883	861917	83801
7328.02	464105	862603	84153
7331.06	463185	862844	84337
7333.99	462413	862944	84653
7336.92	461236	862443	84787
7339.97	460435	862723	85006
7342.96	459577	863248	85321
7345.95	458770	863441	85692
7349.06	457865	863545	85868
7351.9	457075	863843	86141
7355.11	456272	864191	86466
7358.01	454713	862913	86549
7361.08	447827	852014	85804
7363.93	452630	862408	86903
7366.94	452556	864010	87398
7370.01	451737	864430	87682
7373.03	450951	864498	88015
7376	450103	864429	88163
7379.02	449533	865141	88559
7381.99	448692	865113	88852
7384.97	447983	865366	89122
7388	447140	865515	89419
7391.08	446282	865610	89764
7393.96	445438	865914	89910
7397.16	444609	866088	90251
7399.88	443940	866360	90546
7403.03	442935	866107	90768
7405.92	442160	866432	90985
7409.02	441286	866369	91412
7411.96	440440	866562	91592
7415.02	439627	866508	91866
7417.97	438867	866653	92168
7421.08	437953	866619	92420
7424.09	437036	866503	92730
7426.99	436014	866148	92815
7429.95	435419	866857	93089
7433.07	434472	866718	93463
7435.99	433757	866796	93791
7438.95	432978	866967	94000
7442.03	432102	866965	94293
7445.06	431351	867281	94424
7448.03	430607	867520	94892
7451.06	429831	867609	95122
7454.04	428919	867358	95327
7457.08	428184	867713	95760
