Energy	I0	Sample	Reference
6440.06	1.76701E6	1.53581E6	1.52467E6
6441.45	1.76544E6	1.53598E6	1.52396E6
6443.73	1.76315E6	1.53632E6	1.52596E6
6445.93	1.7609E6	1.53701E6	1.52821E6
6447.89	1.75895E6	1.53748E6	1.53175E6
6449.97	1.75709E6	1.53843E6	1.53464E6
6451.9	1.75494E6	1.53874E6	1.53687E6
6453.86	1.75307E6	1.53966E6	1.53961E6
6455.99	1.74996E6	1.53938E6	1.54109E6
6457.91	1.74765E6	1.53958E6	1.54338E6
6459.96	1.74571E6	1.54018E6	1.54628E6
6461.93	1.74359E6	1.54078E6	1.54827E6
6464.07	1.7414E6	1.54162E6	1.55149E6
6465.92	1.7397E6	1.54217E6	1.554E6
6468.09	1.73841E6	1.54352E6	1.5576E6
6469.91	1.73702E6	1.54422E6	1.55995E6
6472.12	1.73489E6	1.5449E6	1.5632E6
6473.94	1.73278E6	1.54561E6	1.56514E6
6475.96	1.73087E6	1.54617E6	1.56803E6
6478.02	1.72886E6	1.54664E6	1.57089E6
6480.04	1.72687E6	1.54709E6	1.57247E6
6481.94	1.72505E6	1.54779E6	1.57537E6
6483.97	1.72306E6	1.54818E6	1.57756E6
6485.95	1.72108E6	1.54885E6	1.5799E6
6488.02	1.71885E6	1.54945E6	1.58298E6
6490.01	1.71657E6	1.54959E6	1.58497E6
6492.08	1.71492E6	1.55031E6	1.58698E6
6493.95	1.71305E6	1.55058E6	1.58834E6
6495.98	1.71034E6	1.55034E6	1.5903E6
6497.97	1.70803E6	1.55033E6	1.59193E6
6500.05	1.70597E6	1.55104E6	1.59365E6
6502	1.70411E6	1.55169E6	1.5955E6
6504	1.70208E6	1.55178E6	1.59653E6
6506.04	1.69995E6	1.5521E6	1.59799E6
6508	1.69799E6	1.55231E6	1.59894E6
6510	1.69622E6	1.55255E6	1.59951E6
6512.08	1.6945E6	1.55331E6	1.60055E6
6514	1.69278E6	1.55304E6	1.60034E6
6516.05	1.69079E6	1.55321E6	1.60008E6
6517.93	1.68861E6	1.55282E6	1.60004E6
6520.02	1.6864E6	1.55246E6	1.5972E6
6521.99	1.68456E6	1.55252E6	1.59601E6
6524.04	1.68251E6	1.55234E6	1.59227E6
6525.93	1.68215E6	1.55298E6	1.58889E6
6527.98	1.68034E6	1.55186E6	1.58074E6
6530.04	1.67825E6	1.55003E6	1.57024E6
6530.36	1.67759E6	1.54962E6	1.56729E6
6530.53	1.67696E6	1.54902E6	1.56654E6
6530.94	1.67653E6	1.54873E6	1.56311E6
6531.27	1.6763E6	1.54852E6	1.5606E6
6531.43	1.67583E6	1.54813E6	1.55931E6
6531.76	1.67333E6	1.54576E6	1.55392E6
6532.17	1.67337E6	1.54566E6	1.55013E6
6532.34	1.67275E6	1.54483E6	1.54847E6
6532.71	1.67268E6	1.54423E6	1.54418E6
6533.08	1.67242E6	1.54393E6	1.54011E6
6533.33	1.67221E6	1.54359E6	1.53787E6
6533.66	1.67169E6	1.54293E6	1.53327E6
6533.82	1.67127E6	1.54231E6	1.53017E6
6534.19	1.67107E6	1.54152E6	1.5238E6
6534.56	1.67055E6	1.54061E6	1.51864E6
6534.73	1.6704E6	1.54008E6	1.51487E6
6535.1	1.66983E6	1.5395E6	1.50725E6
6535.51	1.6695E6	1.53862E6	1.4991E6
6535.63	1.6692E6	1.53827E6	1.49536E6
6536	1.66882E6	1.53705E6	1.48449E6
6536.29	1.66829E6	1.53589E6	1.47453E6
6536.7	1.66734E6	1.53474E6	1.46209E6
6536.83	1.66742E6	1.53438E6	1.45703E6
6537.24	1.66689E6	1.53279E6	1.43856E6
6537.57	1.66647E6	1.5315E6	1.42181E6
6537.73	1.66637E6	1.53075E6	1.41188E6
6538.15	1.66586E6	1.52856E6	1.38001E6
6538.31	1.66492E6	1.52702E6	1.36219E6
6538.76	1.66397E6	1.52425E6	1.31375E6
6538.97	1.66359E6	1.5225E6	1.28224E6
6539.34	1.66282E6	1.5191E6	1.20971E6
6539.63	1.66265E6	1.51606E6	1.11992E6
6540	1.66205E6	1.51115E6	990078
6540.12	1.66145E6	1.50841E6	930999
6540.54	1.66078E6	1.49951E6	753822
6540.83	1.66157E6	1.49151E6	636587
6541.24	1.66113E6	1.4797E6	530262
6541.36	1.66047E6	1.47438E6	493118
6541.69	1.66015E6	1.46554E6	436908
6541.98	1.65964E6	1.45725E6	390796
6542.31	1.65955E6	1.4542E6	364178
6542.6	1.65947E6	1.45234E6	337824
6542.89	1.65871E6	1.45187E6	320898
6543.26	1.6591E6	1.45056E6	302222
6543.38	1.6588E6	1.44859E6	295615
6543.8	1.65822E6	1.43694E6	280999
6544.13	1.65797E6	1.4203E6	272938
6544.42	1.65723E6	1.39336E6	265020
6544.71	1.65658E6	1.36507E6	258110
6545.04	1.65612E6	1.32064E6	246411
6545.33	1.65459E6	1.27521E6	234132
6545.7	1.65411E6	1.20807E6	214675
6545.9	1.65366E6	1.16792E6	203179
6546.19	1.65338E6	1.10237E6	185148
6546.56	1.65306E6	1.02883E6	165682
6546.69	1.65297E6	1.00362E6	159114
6547.1	1.65285E6	936472	142644
6547.47	1.65241E6	896552	133068
6547.64	1.65306E6	879167	128691
6548.01	1.65256E6	846714	120061
6548.22	1.65216E6	828929	114656
6548.59	1.65108E6	805208	106983
6549	1.65071E6	780620	98549
6549.17	1.65038E6	770640	95266
6549.5	1.64979E6	747977	87933
6549.83	1.64951E6	721754	79849
6550.12	1.65081E6	702093	74022
6550.45	1.65052E6	675158	66989
6550.58	1.65022E6	663085	63990
6550.99	1.65004E6	625306	56366
6551.36	1.64932E6	589891	50287
6551.53	1.64931E6	570824	47411
6551.94	1.64865E6	515127	39845
6552.19	1.64739E6	487025	36200
6552.52	1.64621E6	448374	31351
6552.81	1.64583E6	427573	28607
6553.18	1.6456E6	409491	25911
6553.35	1.64535E6	404723	25044
6553.68	1.64471E6	395843	23347
6554.05	1.64398E6	388318	21784
6554.14	1.64354E6	385686	21306
6554.55	1.64451E6	377466	19700
6554.88	1.64356E6	370153	18638
6555.21	1.64335E6	359811	17379
6555.5	1.64307E6	350742	16486
6555.88	1.64241E6	338602	15436
6556.04	1.64203E6	332846	15011
6556.33	1.64174E6	323803	14193
6556.71	1.64142E6	319596	13568
6557.08	1.6411E6	325985	13362
6557.25	1.64054E6	331482	13393
6557.58	1.64046E6	349148	13770
6557.95	1.63978E6	374662	14385
6558.12	1.63951E6	392508	14892
6558.53	1.6386E6	430473	16078
6558.86	1.63849E6	463019	17157
6558.99	1.63852E6	479014	17787
6559.44	1.638E6	516586	19333
6559.69	1.63762E6	534199	20088
6560.07	1.63715E6	560654	21533
6560.23	1.63694E6	570572	22173
6560.61	1.63639E6	591686	23550
6560.94	1.63586E6	604059	24482
6561.27	1.63558E6	614158	25421
6561.44	1.63536E6	617777	25686
6561.77	1.63469E6	623885	26373
6562.1	1.63435E6	628795	27024
6562.39	1.63383E6	632091	27312
6562.72	1.63315E6	636101	27790
6563.02	1.63321E6	639681	28070
6563.35	1.63263E6	644785	28459
6563.51	1.63072E6	646662	28488
6563.93	1.62999E6	653145	28798
6564.26	1.62967E6	658360	28938
6564.47	1.62938E6	660850	29028
6564.84	1.62894E6	664572	29072
6564.97	1.62911E6	665477	28977
6565.38	1.62879E6	666260	28956
6565.72	1.62861E6	664982	28801
6566.09	1.62908E6	662612	28595
6566.26	1.62886E6	661142	28518
6566.55	1.62809E6	656497	28142
6566.92	1.62789E6	650028	27809
6567.17	1.62706E6	643902	27570
6567.51	1.62617E6	633841	27092
6567.8	1.62586E6	625257	26667
6568.17	1.62536E6	612192	26208
6568.3	1.62494E6	606200	25872
6568.75	1.62427E6	589577	25255
6568.92	1.62385E6	581528	24901
6569.29	1.62321E6	566902	24298
6569.63	1.62271E6	557969	23982
6570	1.62224E6	551498	23628
6570.21	1.62161E6	549555	23526
6570.5	1.62165E6	548306	23501
6570.84	1.62187E6	550064	23547
6571.13	1.62149E6	554105	23746
6571.5	1.62103E6	561050	24004
6571.63	1.62096E6	564438	24137
6572.09	1.62054E6	575342	24611
6572.29	1.62026E6	581255	24843
6572.63	1.62015E6	591946	25238
6572.96	1.6199E6	603060	25683
6573.13	1.61964E6	607736	25870
6573.5	1.61944E6	620217	26347
6573.79	1.61915E6	629738	26685
6574.17	1.61849E6	638655	27038
6574.38	1.61853E6	642255	27158
6574.67	1.6179E6	648727	27458
6575	1.61752E6	653856	27686
6575.3	1.61702E6	656787	27740
6575.63	1.61653E6	659146	27854
6575.92	1.61616E6	660524	27882
6576.25	1.61598E6	661284	27893
6576.42	1.61533E6	661327	27910
6576.84	1.61462E6	661334	27854
6577.13	1.61405E6	661041	27824
6577.46	1.6139E6	660420	27694
6577.59	1.61378E6	660108	27671
6578.09	1.61305E6	659150	27530
6578.34	1.61277E6	658656	27471
6578.59	1.61222E6	658379	27403
6578.88	1.61176E6	658070	27379
6579.22	1.61133E6	658016	27206
6579.47	1.61127E6	658377	27166
6579.8	1.61105E6	659041	27134
6580.1	1.61057E6	659772	27080
6580.47	1.60988E6	660756	27061
6580.64	1.60943E6	661130	26985
6580.93	1.60912E6	662469	26931
6581.31	1.60875E6	664021	26898
6581.68	1.60899E6	665293	26830
6581.81	1.60909E6	665830	26786
6582.27	1.6085E6	666325	26642
6582.44	1.60818E6	666252	26560
6582.81	1.6078E6	666003	26477
6583.15	1.60729E6	665114	26295
6583.31	1.60705E6	664588	26247
6583.69	1.60642E6	663046	26039
6584.02	1.60649E6	661867	25816
6584.36	1.60595E6	659908	25679
6584.57	1.6056E6	659087	25520
6584.9	1.60514E6	656921	25371
6585.24	1.60464E6	654450	25140
6585.53	1.60416E6	651921	24912
6585.87	1.60366E6	649176	24739
6586.03	1.60336E6	647694	24609
6586.45	1.60209E6	644327	24375
6586.66	1.60182E6	642592	24282
6587	1.60122E6	640108	24083
6587.33	1.60092E6	637606	23944
6587.62	1.60041E6	635939	23811
6587.96	1.59983E6	634177	23772
6588.08	1.59975E6	633472	23750
6588.55	1.59888E6	631933	23725
6588.75	1.59867E6	631279	23686
6589.09	1.59783E6	630427	23764
6589.42	1.59726E6	629232	23751
6589.72	1.59673E6	628020	23763
6590.01	1.5962E6	625845	23852
6591.98	1.59089E6	593848	23630
6594.08	1.54778E6	530550	22226
6595.88	1.59133E6	513809	22112
6598.11	1.59198E6	497818	22123
6599.92	1.58966E6	500278	22880
6602.1	1.58733E6	505102	23761
6603.96	1.5852E6	522285	24677
6605.98	1.583E6	548806	25656
6607.96	1.58085E6	572275	26268
6610.02	1.57939E6	589691	26597
6612	1.57743E6	599308	26542
6613.95	1.57537E6	610941	26445
6616.06	1.57336E6	629223	26504
6617.83	1.5715E6	641849	26669
6619.95	1.56936E6	647096	26595
6621.98	1.56736E6	640817	26349
6624.01	1.56537E6	625754	25934
6626	1.56359E6	609865	25526
6628.08	1.5616E6	600367	25543
6629.86	1.55976E6	600915	25852
6632.03	1.5577E6	606501	26481
6634.11	1.55578E6	609923	26966
6635.94	1.55417E6	610261	27062
6638.07	1.55223E6	607133	26865
6639.94	1.55166E6	598636	26288
6641.98	1.54973E6	583377	25406
6644.07	1.54782E6	568963	24588
6645.95	1.54623E6	563797	24416
6647.99	1.54416E6	568182	24744
6650.04	1.54223E6	578497	25463
6651.92	1.54042E6	590451	26309
6653.98	1.53882E6	604965	27259
6655.99	1.53692E6	620543	28289
6658.04	1.5351E6	635408	29292
6659.93	1.53342E6	643394	29949
6662.03	1.53139E6	640465	30153
6663.91	1.52965E6	628189	29846
6665.97	1.52784E6	610612	29061
6668.03	1.52545E6	594460	28348
6669.92	1.52261E6	584838	27669
6671.99	1.52073E6	583128	27409
6674.05	1.51885E6	588678	27332
6675.95	1.51727E6	596962	27419
6678.06	1.51535E6	605202	27504
6679.87	1.51356E6	609573	27502
6682.15	1.51161E6	609552	27488
6683.97	1.51017E6	606693	27282
6686	1.50849E6	602952	27261
6688.07	1.50645E6	599021	27115
6689.97	1.50459E6	594957	26964
6692.01	1.50289E6	590207	26928
6694	1.50097E6	587049	26964
6695.95	1.49936E6	585822	27212
6698.11	1.49705E6	587478	27519
6699.89	1.49525E6	591290	27906
6702.02	1.49318E6	598462	28581
6703.84	1.4917E6	607051	29199
6706.1	1.48977E6	619102	30024
6707.88	1.48824E6	629801	30805
6709.97	1.48653E6	641958	31621
6712.06	1.48501E6	651551	32306
6713.94	1.48533E6	658216	32716
6716.07	1.48344E6	661006	32845
6718.03	1.48181E6	659771	32804
6719.95	1.48E6	654815	32487
6722.14	1.47815E6	647111	32199
6724.02	1.4764E6	639722	31863
6725.9	1.4748E6	633444	31647
6728	1.47295E6	627553	31345
6729.97	1.47124E6	622864	31140
6732.11	1.46906E6	618847	30955
6733.91	1.46761E6	616478	30779
6736.06	1.46575E6	615254	30737
6737.99	1.46457E6	615222	30687
6739.97	1.46295E6	615503	30665
6742.03	1.46096E6	615925	30717
6743.97	1.4588E6	616374	30788
6745.95	1.45699E6	617229	30880
6748.06	1.45539E6	618944	31144
6749.96	1.45371E6	620280	31306
6752.16	1.45208E6	621601	31558
6753.97	1.45058E6	622603	31754
6755.91	1.44883E6	624005	31996
6758.12	1.44599E6	626171	32364
6759.97	1.44402E6	628659	32516
6761.88	1.44251E6	631379	32723
6764.13	1.44078E6	633706	32915
6765.95	1.43938E6	635412	33022
6768.07	1.43731E6	636427	33089
6769.94	1.43569E6	636132	33097
6772.11	1.43385E6	635847	33040
6773.88	1.43234E6	636130	33272
6776.1	1.42995E6	637609	33412
6777.88	1.42831E6	640010	33733
6780.06	1.42657E6	644296	34049
6781.93	1.42468E6	647558	34478
6784.07	1.42319E6	651642	34855
6785.94	1.42205E6	653854	35317
6788.12	1.42121E6	655706	35640
6789.91	1.4196E6	656361	35835
6792.14	1.41787E6	656502	36057
6793.92	1.41619E6	655811	36172
6796.16	1.41427E6	654882	36326
6797.77	1.41287E6	653811	36375
6800.14	1.41119E6	652291	36459
6801.97	1.4088E6	650477	36427
6803.99	1.40726E6	648382	36514
6806.01	1.40574E6	646799	36399
6807.98	1.40425E6	645417	36389
6810	1.40253E6	644412	36345
6812.02	1.40035E6	643604	36272
6814.04	1.39864E6	643495	36321
6816.02	1.39785E6	643841	36319
6817.95	1.3964E6	644085	36309
6820.03	1.39471E6	644430	36251
6822.05	1.39306E6	644890	36370
6824.04	1.39148E6	645956	36415
6825.93	1.38998E6	647905	36597
6827.92	1.3881E6	650744	36723
6829.9	1.37444E6	648218	36650
6832.12	1.37513E6	652678	36927
6834.01	1.38002E6	657830	37383
6836.05	1.37886E6	659461	37498
6837.95	1.37728E6	660430	37754
6839.99	1.37529E6	661022	37923
6842.03	1.37355E6	661197	38057
6844.02	1.37207E6	661294	38139
6845.88	1.37162E6	661793	38327
6848.11	1.36977E6	662011	38391
6849.97	1.36836E6	662351	38457
6851.97	1.36651E6	662914	38677
6854.06	1.36461E6	664133	38799
6856.07	1.36269E6	665159	39046
6857.93	1.36121E6	666437	39302
6860.03	1.36112E6	668303	39512
6861.95	1.35982E6	668862	39751
6864	1.35797E6	668717	39901
6866.01	1.35641E6	668668	39965
6867.97	1.35498E6	668357	40136
6870.03	1.35377E6	668245	40260
6872.04	1.35202E6	667737	40338
6873.96	1.34991E6	667015	40474
6875.98	1.34696E6	666038	40632
6878.04	1.3452E6	665268	40672
6880.06	1.34381E6	664612	40839
6881.94	1.34237E6	664020	40922
6883.96	1.34082E6	663809	41052
6886.02	1.32034E6	654179	40589
6888.09	1.33555E6	662621	41130
6889.98	1.33446E6	663087	41328
6892.05	1.33322E6	663717	41384
6894.03	1.33198E6	664522	41521
6895.96	1.33022E6	665368	41662
6897.95	1.32807E6	666173	41846
6900.07	1.32617E6	667921	42047
6902.1	1.32456E6	669950	42209
6903.95	1.32429E6	672727	42452
6906.02	1.32292E6	675409	42763
6907.97	1.32147E6	677169	42872
6910.05	1.32E6	678630	43057
6912.04	1.31826E6	679514	43209
6914.03	1.31654E6	680212	43285
6916.02	1.3151E6	680587	43399
6917.97	1.314E6	680847	43475
6920.01	1.31283E6	681013	43560
6921.87	1.31128E6	680730	43694
6923.96	1.30948E6	680542	43782
6925.96	1.30807E6	680831	43859
6928.1	1.30625E6	680920	44029
6929.92	1.30488E6	681417	44153
6932.06	1.30354E6	682344	44361
6934.11	1.30071E6	682383	44451
6935.93	1.29929E6	682959	44507
6938.03	1.29793E6	683605	44720
6939.99	1.29645E6	683868	44833
6942.04	1.29493E6	684478	45022
6943.96	1.29331E6	684648	44995
6946.02	1.29152E6	685073	45154
6948.03	1.29002E6	685513	45295
6950	1.28842E6	685736	45409
6952.01	1.28685E6	686146	45593
6953.93	1.28516E6	686422	45636
6956.05	1.28381E6	686629	45767
6958.06	1.28207E6	686653	45849
6959.9	1.28082E6	686964	46059
6962.06	1.27906E6	687142	46153
6964.08	1.27724E6	687068	46355
6965.87	1.276E6	686899	46351
6967.99	1.27413E6	686693	46634
6970.01	1.27257E6	686403	46619
6972.04	1.27092E6	686222	46827
6974.02	1.26933E6	686062	46999
6976.05	1.26786E6	686108	47051
6977.94	1.26743E6	686744	47308
6980.02	1.26596E6	687140	47494
6981.91	1.26446E6	687780	47684
6984.08	1.26297E6	688498	47715
6985.93	1.26156E6	688802	48008
6988.06	1.25987E6	689543	48168
6989.91	1.25877E6	690164	48385
6991.95	1.25572E6	689985	48510
6994.08	1.25404E6	690536	48593
6995.89	1.25274E6	691069	48728
6998.07	1.25103E6	691739	48920
7000.02	1.24947E6	692206	49046
7002.07	1.24784E6	692838	49112
7003.92	1.24633E6	693604	49240
7005.92	1.24414E6	693788	49399
7008.02	1.24162E6	693886	49482
7010.02	1.23986E6	694121	49639
7012.12	1.23726E6	694250	49787
7013.98	1.23348E6	693447	49779
7015.99	1.19158E6	670638	48583
7018.09	1.23619E6	697898	50210
7019.91	1.23777E6	699629	50592
7021.97	1.23631E6	700091	50654
7024.98	1.23325E6	700501	50848
7027.95	1.23086E6	701006	50935
7031.02	1.22875E6	701915	51261
7033.95	1.22607E6	702494	51476
7036.98	1.22389E6	703034	51735
7039.96	1.22183E6	703750	51888
7043.09	1.21877E6	703817	52078
7045.93	1.21696E6	704238	52281
7048.87	1.21468E6	704033	52461
7052.06	1.21244E6	703735	52663
7055.01	1.21022E6	703409	52796
7058.05	1.20805E6	703094	52986
7060.91	1.20608E6	703281	53200
7064.06	1.204E6	703545	53251
7067.01	1.20233E6	704292	53472
7069.97	1.20025E6	705110	53842
7072.98	1.19816E6	706115	54006
7076.05	1.19595E6	707018	54296
7078.97	1.19384E6	707672	54497
7082.03	1.19165E6	708125	54740
7084.96	1.18873E6	708414	54897
7087.88	1.1856E6	708440	55200
7091.2	1.18334E6	708601	55464
7093.94	1.18155E6	709097	55518
7097.02	1.17912E6	709643	55766
7099.96	1.17693E6	710215	55974
7103.1	1.17476E6	711096	56425
7106.09	1.17276E6	711819	56506
7109.03	1.17204E6	713064	56871
7111.93	1.17031E6	713798	57114
7115.03	1.16801E6	714231	57245
7117.93	1.16554E6	714291	57361
7121.08	1.16343E6	714665	57552
7123.99	1.16138E6	715292	57702
7126.9	1.15887E6	715269	57801
7130.01	1.15445E6	714178	57724
7133.03	1.15168E6	713999	57911
7136	1.14888E6	713883	58028
7138.92	1.14679E6	714308	58201
7142.04	1.1452E6	715050	58528
7145.12	1.14293E6	715059	58723
7147.9	1.14142E6	715490	58804
7151.03	1.13979E6	715874	59141
7154.01	1.13799E6	716204	59262
7156.95	1.13635E6	716642	59468
7160.04	1.13433E6	716905	59833
7163.03	1.1325E6	717492	59964
7165.97	1.13036E6	717886	60258
7168.97	1.12835E6	718383	60417
7171.92	1.12568E6	718473	60599
7175.07	1.12305E6	718810	60897
7177.98	1.12079E6	719017	61103
7180.98	1.11878E6	719318	61293
7183.99	1.11678E6	719793	61476
7186.96	1.11462E6	720098	61777
7190.07	1.11221E6	720247	62028
7192.89	1.1106E6	720932	62209
7196.06	1.10921E6	721641	62456
7198.93	1.09502E6	713679	62065
7201.96	1.10445E6	721932	62911
7205.09	1.10293E6	722569	63044
7207.97	1.10126E6	723133	63492
7211.05	1.09935E6	723705	63761
7213.89	1.09773E6	724175	63891
7217.08	1.09443E6	724043	64093
7219.97	1.09267E6	724347	64311
7223.06	1.09073E6	724792	64551
7226.01	1.08855E6	725108	64731
7229.01	1.08642E6	725462	64972
7232.01	1.08427E6	725636	65279
7235.16	1.08235E6	725955	65432
7237.86	1.08037E6	726336	65728
7241.13	1.07841E6	726586	65898
7244.04	1.07651E6	726916	66175
7246.95	1.07441E6	726992	66524
7250.02	1.07235E6	727100	66618
7252.93	1.07012E6	727240	66859
7256.11	1.06755E6	727018	66962
7258.98	1.06327E6	725241	67141
7262.11	1.06897E6	730524	67751
7265.04	1.06611E6	730010	67882
7267.92	1.06379E6	729883	68045
7271.05	1.06145E6	729986	68250
7274.04	1.05938E6	730036	68403
7277.03	1.05778E6	730429	68704
7279.97	1.05528E6	730170	68931
7282.91	1.05317E6	730381	69067
7285.96	1.05148E6	730884	69242
7289.06	1.04953E6	731206	69482
7292.11	1.04767E6	731447	69829
7294.91	1.04576E6	731770	69967
7298.02	1.04391E6	732089	70322
7300.98	1.04201E6	732287	70518
7303.99	1.04E6	732370	70691
7307	1.03815E6	732551	70920
7309.92	1.03573E6	732670	71037
7313.09	1.03385E6	732959	71420
7315.96	1.03205E6	733195	71655
7318.98	1.0301E6	733193	71921
7321.91	1.02845E6	733601	72222
7324.99	1.02655E6	733854	72357
7328.02	1.02457E6	734079	72500
7331.06	1.02276E6	734387	72668
7333.99	1.02126E6	734609	73025
7336.98	1.01941E6	734925	73290
7340.02	1.01744E6	735229	73546
7343.01	1.01581E6	735479	73718
7345.95	1.01391E6	735683	73983
7349.06	1.01185E6	735904	74278
7351.95	1.01035E6	736140	74495
7355.06	1.00873E6	736486	74619
7357.91	1.00589E6	736015	74901
7360.97	990384	725616	74065
7363.98	1.00041E6	735212	75180
7366.99	1.00016E6	736449	75422
7370.06	998341	736396	75635
7372.92	996801	736551	75984
7376.05	995016	736798	76182
7378.91	993211	736843	76457
7381.99	991435	736921	76691
7385.02	989389	737191	76945
7387.89	987613	737257	77227
7390.98	986117	737739	77454
7393.96	984049	737622	77660
7397.16	982499	738172	77955
7399.88	980955	738271	78162
7403.03	979151	738493	78432
7405.97	976776	738057	78654
7409.02	974840	738207	78830
7411.96	973279	738567	79053
7415.02	971671	738865	79466
7418.02	969869	738797	79542
7420.97	968357	739162	79869
7424.09	966519	739434	80171
7426.99	965021	739574	80400
7430.01	963234	739663	80572
7432.91	961187	739634	80746
7435.99	959476	739684	80962
7439.01	957658	739682	81270
7441.92	955844	739898	81590
7445.06	954431	740194	81770
7448.03	952729	740340	81942
7451.11	950925	740495	82328
7453.88	948963	740264	82515
7457.08	946895	740183	82726
