Energy	I0	Sample	Reference
6440.06	2.72548E6	978874	1.48691E6
6441.45	2.72269E6	978342	1.49107E6
6443.73	2.71864E6	981925	1.49751E6
6445.93	2.71565E6	986626	1.50626E6
6447.89	2.71193E6	989450	1.51549E6
6449.93	2.70859E6	994034	1.52339E6
6451.94	2.70507E6	998067	1.53161E6
6454.02	2.70145E6	1.00197E6	1.53891E6
6455.95	2.69835E6	1.00636E6	1.54744E6
6457.91	2.6946E6	1.01038E6	1.55767E6
6459.96	2.69116E6	1.01395E6	1.56344E6
6461.97	2.68763E6	1.01896E6	1.5726E6
6463.94	2.68401E6	1.02278E6	1.58317E6
6465.96	2.68006E6	1.02692E6	1.59131E6
6467.93	2.67654E6	1.0308E6	1.59885E6
6470.03	2.67291E6	1.03721E6	1.61063E6
6472.04	2.66932E6	1.04101E6	1.61904E6
6473.94	2.6659E6	1.04512E6	1.63077E6
6475.96	2.66268E6	1.05035E6	1.63949E6
6478.02	2.65914E6	1.05438E6	1.64907E6
6480	2.6556E6	1.05915E6	1.6576E6
6482.02	2.65294E6	1.06396E6	1.66571E6
6484.05	2.64932E6	1.06801E6	1.67457E6
6485.99	2.64627E6	1.07286E6	1.68544E6
6487.98	2.64304E6	1.07725E6	1.69385E6
6490.05	2.63954E6	1.08146E6	1.7019E6
6491.92	2.63557E6	1.08582E6	1.71007E6
6494.07	2.63186E6	1.0909E6	1.72153E6
6495.94	2.62893E6	1.09513E6	1.73009E6
6498.01	2.62536E6	1.09992E6	1.73696E6
6500.01	2.62248E6	1.10459E6	1.74845E6
6502.04	2.61859E6	1.10867E6	1.75419E6
6504	2.61486E6	1.11372E6	1.76315E6
6506.08	2.61162E6	1.1181E6	1.76943E6
6507.96	2.6086E6	1.12213E6	1.78149E6
6510.04	2.60456E6	1.12672E6	1.78834E6
6512	2.60097E6	1.13067E6	1.79342E6
6514	2.59777E6	1.13509E6	1.80358E6
6516.01	2.59422E6	1.13959E6	1.81227E6
6517.97	2.59114E6	1.14462E6	1.81639E6
6519.98	2.58679E6	1.14752E6	1.82046E6
6522.03	2.58312E6	1.1522E6	1.82627E6
6524.04	2.57956E6	1.15625E6	1.8277E6
6525.93	2.57637E6	1.15976E6	1.82929E6
6527.94	2.57343E6	1.16465E6	1.83014E6
6530.04	2.57022E6	1.16814E6	1.82639E6
6530.41	2.56943E6	1.16925E6	1.82227E6
6530.57	2.5689E6	1.16934E6	1.8212E6
6530.9	2.56816E6	1.16921E6	1.81867E6
6531.23	2.56696E6	1.17003E6	1.81833E6
6531.48	2.56561E6	1.16994E6	1.81533E6
6531.8	2.56475E6	1.17002E6	1.81228E6
6532.05	2.56393E6	1.16978E6	1.81305E6
6532.42	2.56298E6	1.17048E6	1.80714E6
6532.67	2.5622E6	1.17049E6	1.80453E6
6533.04	2.55976E6	1.16995E6	1.80342E6
6533.33	2.55867E6	1.17047E6	1.79743E6
6533.61	2.55767E6	1.17084E6	1.79119E6
6533.9	2.55646E6	1.17084E6	1.79018E6
6534.19	2.55513E6	1.17127E6	1.78323E6
6534.52	2.55586E6	1.17231E6	1.78039E6
6534.85	2.55504E6	1.17234E6	1.77427E6
6535.1	2.55406E6	1.17155E6	1.76827E6
6535.38	2.55305E6	1.17196E6	1.76067E6
6535.71	2.55206E6	1.17188E6	1.75433E6
6535.96	2.55123E6	1.17213E6	1.7454E6
6536.29	2.5504E6	1.17265E6	1.7343E6
6536.54	2.54933E6	1.1718E6	1.72509E6
6536.91	2.54847E6	1.17253E6	1.70747E6
6537.36	2.54758E6	1.17276E6	1.68893E6
6537.4	2.54753E6	1.17245E6	1.68299E6
6537.77	2.54636E6	1.17223E6	1.6623E6
6538.15	2.54536E6	1.17182E6	1.62936E6
6538.27	2.54456E6	1.17211E6	1.60842E6
6538.68	2.5433E6	1.17103E6	1.56216E6
6539.01	2.54283E6	1.17057E6	1.49849E6
6539.38	2.54163E6	1.16965E6	1.41513E6
6539.51	2.54091E6	1.16888E6	1.35783E6
6539.88	2.53988E6	1.16693E6	1.21681E6
6540.17	2.53904E6	1.16477E6	1.06051E6
6540.54	2.53795E6	1.15952E6	893511
6540.87	2.53689E6	1.1528E6	752737
6541.03	2.5363E6	1.14944E6	675977
6541.49	2.53547E6	1.13822E6	568647
6541.65	2.53462E6	1.13373E6	510953
6542.02	2.53399E6	1.1287E6	457171
6542.31	2.5329E6	1.12768E6	422037
6542.64	2.53209E6	1.12884E6	390949
6542.93	2.53136E6	1.13115E6	370279
6543.3	2.53063E6	1.13397E6	350421
6543.38	2.52974E6	1.13469E6	340070
6543.84	2.52869E6	1.13541E6	327760
6544.13	2.52778E6	1.13324E6	319754
6544.46	2.52692E6	1.12979E6	314458
6544.62	2.52677E6	1.12785E6	311914
6545.04	2.52611E6	1.12105E6	305831
6545.37	2.52519E6	1.11341E6	296839
6545.57	2.52463E6	1.10789E6	289760
6545.9	2.52341E6	1.09372E6	276011
6546.15	2.52196E6	1.07975E6	263040
6546.48	2.52076E6	1.05721E6	249874
6546.77	2.51962E6	1.03627E6	237254
6547.14	2.51857E6	1.00543E6	223659
6547.35	2.51784E6	984683	214773
6547.68	2.51806E6	949638	201864
6548.05	2.51696E6	907479	187568
6548.18	2.51636E6	889663	179252
6548.55	2.51539E6	836113	163328
6548.88	2.51458E6	792955	148783
6549.25	2.51395E6	744297	133091
6549.42	2.51335E6	721405	123567
6549.83	2.51235E6	666815	109112
6550.16	2.51156E6	623250	95550
6550.33	2.51065E6	604862	88697
6550.74	2.50867E6	559225	77259
6550.95	2.50787E6	538642	70175
6551.32	2.50669E6	505868	62084
6551.61	2.50586E6	485773	56201
6551.94	2.50502E6	462327	50416
6552.11	2.50395E6	452592	47014
6552.44	2.50289E6	429608	42574
6552.77	2.50217E6	410397	37639
6553.18	2.50104E6	392841	33810
6553.31	2.50014E6	386311	32043
6553.72	2.49894E6	368637	29232
6554.1	2.49759E6	357623	26525
6554.3	2.49687E6	352309	24645
6554.68	2.49607E6	344492	23081
6554.8	2.49553E6	343047	21933
6555.21	2.49422E6	339736	20936
6555.55	2.49318E6	339089	20219
6555.71	2.49275E6	339393	19456
6556.13	2.49161E6	341098	18959
6556.5	2.49076E6	344159	17793
6556.62	2.49041E6	345283	17137
6557.08	2.48945E6	349226	17232
6557.29	2.48891E6	350861	16960
6557.62	2.48769E6	353826	16873
6557.99	2.48873E6	357070	16833
6558.12	2.48826E6	358063	17225
6558.53	2.48746E6	361528	17488
6558.82	2.48632E6	364555	17474
6559.15	2.4855E6	367341	17688
6559.36	2.48465E6	368505	18122
6559.69	2.48395E6	371587	18469
6560.03	2.48317E6	374616	18821
6560.36	2.48219E6	377718	19571
6560.52	2.48157E6	379726	19599
6560.94	2.48062E6	384721	20275
6561.27	2.47946E6	389919	21103
6561.44	2.47872E6	391793	21622
6561.81	2.4778E6	396458	22249
6562.18	2.477E6	402077	22804
6562.31	2.47612E6	403855	23224
6562.68	2.47522E6	410244	23668
6563.02	2.47446E6	415336	23619
6563.35	2.47316E6	420548	24602
6563.51	2.47145E6	422362	24927
6563.97	2.47013E6	427672	25291
6564.18	2.4693E6	430516	25217
6564.47	2.46789E6	434798	25193
6564.84	2.46662E6	438557	25190
6564.93	2.46665E6	440415	25532
6565.51	2.46581E6	445943	25765
6565.68	2.46472E6	447126	25701
6566.09	2.46377E6	450347	25911
6566.22	2.46343E6	451905	25862
6566.67	2.46159E6	454051	25739
6566.88	2.46098E6	455429	25536
6567.17	2.46009E6	457599	25981
6567.55	2.45919E6	458935	26002
6567.71	2.45878E6	459636	25841
6568.17	2.45949E6	461576	25817
6568.38	2.45867E6	462189	25962
6568.67	2.4577E6	463520	25890
6569	2.45673E6	464494	25587
6569.29	2.45577E6	465351	25683
6569.63	2.4542E6	466454	25614
6569.92	2.453E6	467592	25750
6570.29	2.45172E6	468354	25736
6570.42	2.45135E6	469122	25917
6570.79	2.44994E6	470760	25647
6571.13	2.44742E6	471796	25588
6571.46	2.44646E6	474048	25991
6571.63	2.44572E6	473906	26153
6572.09	2.44464E6	477002	26275
6572.29	2.44525E6	477917	26485
6572.63	2.44578E6	480757	26382
6572.96	2.44498E6	483074	26684
6573.13	2.44431E6	484456	26826
6573.5	2.44356E6	487214	27011
6573.84	2.44096E6	489203	27005
6574.25	2.43981E6	492075	27308
6574.29	2.43933E6	492536	27319
6574.71	2.43846E6	495612	27480
6575.09	2.43784E6	498472	27500
6575.21	2.43634E6	499363	27400
6575.59	2.43573E6	502486	27851
6575.96	2.43502E6	505063	27675
6576.13	2.43459E6	505921	27990
6576.55	2.43366E6	508792	27898
6576.76	2.43259E6	510182	27649
6577.13	2.43143E6	512569	27951
6577.34	2.43053E6	513909	27984
6577.72	2.43003E6	516022	27964
6577.97	2.42898E6	517840	27629
6578.34	2.42843E6	519322	27962
6578.51	2.42824E6	520240	28080
6578.93	2.42729E6	522154	28105
6579.26	2.42661E6	523663	28361
6579.43	2.42633E6	524358	27848
6579.84	2.42587E6	526274	27911
6580.05	2.42529E6	526160	27543
6580.47	2.42435E6	527394	27624
6580.68	2.42369E6	527786	27888
6580.97	2.42229E6	528242	28117
6581.31	2.42107E6	528905	27458
6581.56	2.4205E6	529201	27783
6581.93	2.41963E6	530018	27711
6582.18	2.41869E6	530112	27632
6582.56	2.4174E6	530036	27338
6582.73	2.41704E6	530290	27205
6583.1	2.41587E6	530585	27246
6583.44	2.41516E6	530230	26915
6583.56	2.41477E6	530190	26997
6583.98	2.41377E6	530026	27215
6584.4	2.41231E6	529847	26894
6584.57	2.4117E6	530246	26755
6584.9	2.41072E6	529448	25999
6585.24	2.4099E6	529649	25789
6585.57	2.40831E6	529008	25773
6585.7	2.40782E6	528844	25703
6586.12	2.40675E6	528143	25336
6586.54	2.40575E6	527940	25308
6586.66	2.40532E6	527331	25177
6587	2.40388E6	526939	24632
6587.37	2.40318E6	526157	24633
6587.5	2.40247E6	526191	24602
6587.92	2.40152E6	525510	24934
6588.25	2.40056E6	525469	24997
6588.42	2.40049E6	525065	25324
6588.84	2.39924E6	524299	24841
6589.09	2.39845E6	524383	25120
6589.42	2.39721E6	523353	25264
6589.72	2.39424E6	522269	24974
6590.05	2.39272E6	521641	25169
6592.02	2.38388E6	517674	25929
6594.08	2.3199E6	502286	26182
6595.88	2.38578E6	512383	27498
6598.07	2.38715E6	505864	28405
6599.96	2.38338E6	504982	29099
6601.98	2.3797E6	506692	29818
6604.04	2.37645E6	509121	30684
6606.02	2.37307E6	509789	30650
6608.04	2.36998E6	509855	30094
6609.98	2.36705E6	511232	29481
6612.05	2.3635E6	513879	29294
6613.99	2.36054E6	517609	28736
6616.06	2.35947E6	523144	28357
6617.83	2.35767E6	527397	28510
6619.99	2.35439E6	533074	27303
6621.98	2.35144E6	537371	28299
6624.05	2.34797E6	541411	28619
6625.88	2.34235E6	544345	28930
6628	2.33961E6	547117	29519
6629.99	2.3362E6	548908	29942
6632.07	2.33287E6	551567	30607
6633.94	2.33019E6	553358	31317
6636.02	2.32767E6	555636	31688
6638.07	2.32467E6	557663	31637
6639.94	2.32219E6	559870	31225
6641.94	2.31933E6	562205	31354
6644.07	2.31536E6	564671	31091
6645.9	2.31226E6	567537	30921
6648.12	2.30933E6	571308	31185
6650	2.30618E6	574289	32237
6652.05	2.30331E6	577601	33068
6653.89	2.30064E6	580151	33181
6656.11	2.2976E6	583268	34048
6658	2.29448E6	585035	34108
6660.14	2.29146E6	588297	35291
6661.85	2.28898E6	590295	35604
6664.04	2.28601E6	592918	35979
6665.93	2.28331E6	595224	36437
6668.08	2.28038E6	597483	36227
6669.92	2.27716E6	599237	36104
6671.99	2.27446E6	601497	35994
6674.1	2.2719E6	604216	35736
6675.9	2.2689E6	606539	35623
6677.97	2.26578E6	608957	35193
6680.13	2.26292E6	612329	35755
6681.89	2.2596E6	614362	35723
6684.05	2.25621E6	617819	35943
6685.91	2.25357E6	621049	35637
6688.07	2.25008E6	624746	36433
6689.97	2.24743E6	627675	36323
6692.05	2.2443E6	630322	36612
6693.95	2.2415E6	633979	37525
6696.12	2.23823E6	637503	37606
6697.94	2.23557E6	640908	38107
6700.07	2.23278E6	644159	39024
6701.89	2.23067E6	647528	39414
6704.02	2.22727E6	650561	39757
6705.88	2.22477E6	653813	40110
6708.06	2.22174E6	657144	40718
6709.89	2.21952E6	659503	42360
6712.02	2.21663E6	663362	42359
6713.94	2.21391E6	666019	42976
6716.07	2.21086E6	668951	43079
6718.03	2.2079E6	671463	43317
6720	2.20454E6	674185	43388
6721.96	2.20169E6	676743	44113
6724.06	2.1988E6	679796	43810
6725.99	2.19581E6	682108	43552
6727.95	2.19298E6	684580	43961
6730.14	2.18807E6	686999	44324
6731.94	2.18522E6	689573	44109
6734.09	2.18235E6	693101	44556
6735.93	2.17948E6	695810	44470
6738.04	2.17713E6	698461	45067
6739.97	2.17511E6	702030	44877
6741.95	2.17252E6	705326	45050
6744.1	2.16946E6	708872	45114
6746.04	2.16682E6	711849	45628
6747.97	2.16388E6	714989	45838
6749.87	2.16111E6	718346	46382
6752.03	2.15804E6	721931	47273
6753.88	2.15534E6	725499	47748
6756.13	2.15232E6	729208	48275
6757.94	2.15028E6	733038	48696
6760.11	2.14735E6	736694	49497
6761.92	2.14472E6	739295	49513
6764.09	2.14158E6	743697	50271
6765.95	2.13905E6	746951	50595
6768.12	2.13544E6	750948	50531
6769.94	2.1328E6	753880	50834
6772.06	2.13005E6	757554	51201
6773.88	2.12721E6	761369	51529
6776.02	2.12508E6	765677	52637
6777.97	2.1231E6	769260	52759
6780.02	2.12056E6	773402	53526
6781.97	2.11776E6	776673	53308
6784.02	2.11479E6	780099	54301
6786.03	2.11201E6	783244	55315
6788.03	2.1094E6	787175	55747
6790	2.10621E6	790255	56445
6792.05	2.10352E6	793819	56753
6793.92	2.10071E6	796986	56994
6796.11	2.09701E6	800570	57219
6797.9	2.09444E6	803235	57936
6800.14	2.09141E6	806925	59012
6801.93	2.08857E6	810024	59740
6803.94	2.08631E6	813319	59373
6805.96	2.08407E6	816963	60419
6807.98	2.08117E6	820722	61191
6810	2.07828E6	823576	60993
6812.02	2.07551E6	827754	60973
6814	2.07372E6	831473	61128
6816.07	2.07097E6	835114	61452
6818.04	2.06842E6	838623	61570
6819.94	2.06575E6	841235	61712
6821.92	2.0633E6	844680	62349
6823.99	2.06151E6	848729	62488
6825.97	2.05873E6	852514	62979
6828.01	2.05616E6	856088	62762
6830.04	2.03271E6	850226	62726
6832.03	2.03929E6	858800	63928
6833.88	2.04678E6	865485	64079
6836.1	2.04471E6	870591	64751
6837.95	2.04262E6	873315	65417
6839.99	2.03997E6	876726	65782
6841.98	2.03685E6	880004	66314
6844.07	2.03396E6	883541	67043
6846.07	2.03134E6	887324	66404
6847.88	2.02871E6	890904	67689
6850.15	2.02591E6	895120	68261
6851.93	2.02316E6	897813	69093
6853.93	2.02062E6	901713	69182
6856.02	2.01793E6	905447	69953
6857.93	2.01536E6	909571	70572
6860.03	2.01248E6	912429	71164
6861.95	2.00992E6	916262	71773
6864	2.00724E6	919645	72486
6866.01	2.00441E6	923817	72770
6867.97	2.00199E6	926958	72794
6870.03	1.9991E6	930997	74017
6872.04	1.99665E6	934253	74975
6873.96	1.99428E6	938276	75151
6876.02	1.99149E6	942266	75907
6877.99	1.98903E6	945918	76299
6879.96	1.98622E6	949857	78499
6882.03	1.98379E6	953508	77549
6883.96	1.9812E6	957423	78904
6886.02	1.95305E6	948576	78253
6888.09	1.97342E6	963894	78739
6889.98	1.97234E6	968481	80143
6892.05	1.96987E6	972298	79892
6894.03	1.96752E6	976569	80410
6895.96	1.96494E6	980856	81594
6897.95	1.96281E6	984760	82147
6900.07	1.96075E6	989313	82375
6902.1	1.95816E6	993219	83239
6903.95	1.95569E6	997295	83650
6906.02	1.95292E6	1.00082E6	83880
6907.97	1.94939E6	1.0043E6	84632
6910.05	1.9466E6	1.0088E6	83830
6912.09	1.94401E6	1.01235E6	85139
6914.03	1.94134E6	1.01591E6	85393
6916.02	1.93853E6	1.02019E6	86510
6917.97	1.93539E6	1.02365E6	86098
6920.01	1.93262E6	1.02741E6	87478
6921.87	1.92983E6	1.03125E6	88105
6923.96	1.92707E6	1.03567E6	88249
6925.96	1.92464E6	1.03938E6	88765
6928.1	1.92195E6	1.04377E6	89830
6929.92	1.91955E6	1.0469E6	89635
6932.06	1.91698E6	1.05112E6	91111
6934.16	1.91426E6	1.05543E6	91754
6935.93	1.91481E6	1.06089E6	91752
6938.03	1.91224E6	1.06401E6	92464
6939.94	1.90953E6	1.06868E6	93256
6942.04	1.90692E6	1.07218E6	94169
6944.15	1.90439E6	1.07687E6	94603
6945.97	1.90234E6	1.08027E6	95196
6948.03	1.89996E6	1.08429E6	95827
6950	1.89711E6	1.08773E6	95257
6951.97	1.89448E6	1.09174E6	96316
6953.93	1.89214E6	1.09504E6	96849
6956.05	1.88948E6	1.09918E6	97303
6958.02	1.88696E6	1.10356E6	97727
6960.08	1.88457E6	1.10763E6	98872
6961.92	1.88223E6	1.11165E6	100037
6964.03	1.87993E6	1.11549E6	100348
6966.06	1.87731E6	1.11956E6	100873
6968.03	1.87462E6	1.123E6	101882
6970.01	1.8721E6	1.12708E6	102566
6972.09	1.86944E6	1.13056E6	103504
6973.88	1.86808E6	1.13443E6	103471
6976	1.86522E6	1.13929E6	104499
6977.94	1.86261E6	1.14239E6	105257
6980.02	1.86038E6	1.14723E6	105591
6981.96	1.85864E6	1.15239E6	106642
6984.04	1.85676E6	1.15654E6	107741
6985.98	1.8544E6	1.16057E6	108392
6988.06	1.85205E6	1.16492E6	108758
6989.86	1.84968E6	1.16859E6	109197
6991.95	1.84589E6	1.1718E6	110079
6994.04	1.84359E6	1.17624E6	110421
6996.08	1.84106E6	1.18055E6	111788
6997.93	1.83874E6	1.18441E6	111804
7000.02	1.83558E6	1.18814E6	112685
7002.07	1.83246E6	1.19233E6	113557
7003.92	1.83008E6	1.19586E6	114466
7005.92	1.82766E6	1.20013E6	115005
7008.07	1.82488E6	1.20454E6	115253
7009.88	1.82144E6	1.20733E6	115265
7012.07	1.81663E6	1.2108E6	116266
7013.98	1.81048E6	1.21179E6	116720
7015.99	1.74281E6	1.16999E6	114773
7018.09	1.81488E6	1.22767E6	117851
7019.91	1.81652E6	1.23391E6	119420
7021.97	1.81241E6	1.23678E6	120329
7024.98	1.8078E6	1.24347E6	121286
7027.95	1.80397E6	1.24945E6	122267
7031.02	1.79991E6	1.25516E6	122982
7033.9	1.79603E6	1.26147E6	124619
7037.12	1.79225E6	1.26862E6	125232
7039.96	1.78883E6	1.27405E6	126791
7043.09	1.78522E6	1.28122E6	127229
7045.93	1.78242E6	1.28751E6	128572
7048.92	1.7791E6	1.29461E6	130033
7052.06	1.77547E6	1.30166E6	131009
7055.05	1.77202E6	1.3072E6	131947
7057.91	1.76867E6	1.31439E6	133948
7061.1	1.76573E6	1.32208E6	134773
7063.91	1.76251E6	1.32852E6	135490
7067.06	1.75931E6	1.3356E6	137410
7069.92	1.75586E6	1.3422E6	138440
7072.89	1.75237E6	1.34823E6	139208
7076.05	1.74904E6	1.35572E6	140599
7078.97	1.74546E6	1.36166E6	141883
7082.03	1.74208E6	1.36831E6	142277
7084.96	1.73883E6	1.37614E6	143878
7087.88	1.73548E6	1.38167E6	145893
7091.25	1.73175E6	1.39044E6	146881
7093.84	1.72883E6	1.39554E6	147713
7097.02	1.72517E6	1.40291E6	150503
7099.96	1.72209E6	1.40925E6	151448
7103.1	1.71958E6	1.41745E6	152133
7106.14	1.71642E6	1.4238E6	154003
7108.88	1.71335E6	1.43023E6	154759
7111.98	1.70984E6	1.43774E6	156689
7115.08	1.7072E6	1.44533E6	157855
7117.93	1.70355E6	1.45196E6	157721
7121.13	1.70009E6	1.45881E6	159285
7123.84	1.69689E6	1.46576E6	160752
7127.1	1.69217E6	1.47124E6	161706
7129.92	1.68758E6	1.47607E6	162535
7133.03	1.68296E6	1.47997E6	162909
7136	1.67862E6	1.48526E6	164048
7139.02	1.67533E6	1.49176E6	165939
7141.84	1.67376E6	1.50056E6	166825
7145.12	1.67093E6	1.50906E6	168074
7147.85	1.66793E6	1.5157E6	170481
7151.08	1.6646E6	1.5245E6	171271
7154.01	1.66153E6	1.53075E6	173002
7157	1.65832E6	1.5375E6	174244
7160.04	1.65489E6	1.54425E6	175139
7163.03	1.65203E6	1.55272E6	176903
7166.02	1.64889E6	1.55958E6	178116
7169.02	1.64571E6	1.56591E6	179399
7171.92	1.64255E6	1.57347E6	180505
7175.12	1.63926E6	1.57977E6	181571
7177.98	1.63603E6	1.58791E6	184192
7180.98	1.6327E6	1.5943E6	185142
7183.94	1.63007E6	1.6023E6	187039
7186.96	1.62702E6	1.6093E6	189262
7190.02	1.62385E6	1.61684E6	189693
7193.09	1.62041E6	1.62419E6	191065
7195.91	1.61716E6	1.63056E6	192801
7199.08	1.59692E6	1.6216E6	193234
7201.96	1.60981E6	1.6451E6	195985
7205.09	1.60734E6	1.6528E6	197587
7207.97	1.60449E6	1.66044E6	199572
7211.05	1.60235E6	1.66928E6	201354
7213.89	1.59978E6	1.67673E6	202914
7217.13	1.59646E6	1.68454E6	205218
7219.97	1.59336E6	1.69239E6	206147
7223.06	1.59023E6	1.69927E6	206673
7226.06	1.58652E6	1.70712E6	209199
7228.9	1.58372E6	1.71379E6	210885
7231.9	1.58039E6	1.72119E6	212668
7235.01	1.57703E6	1.72899E6	214438
7237.91	1.57431E6	1.73692E6	215135
7241.03	1.57111E6	1.74407E6	217190
7243.88	1.56825E6	1.75164E6	218835
7246.95	1.56494E6	1.75974E6	220904
7250.02	1.56173E6	1.76648E6	221790
7252.99	1.55791E6	1.77373E6	222877
7256.06	1.5538E6	1.78037E6	225769
7258.98	1.54264E6	1.77759E6	225445
7262.11	1.55152E6	1.79965E6	228790
7265.04	1.54815E6	1.80689E6	230335
7267.92	1.54494E6	1.8136E6	232221
7271.11	1.54154E6	1.82183E6	235051
7273.83	1.53857E6	1.82804E6	235787
7277.18	1.53537E6	1.83617E6	237835
7279.97	1.53278E6	1.84336E6	239897
7282.91	1.52987E6	1.8513E6	241490
7285.96	1.52669E6	1.8589E6	242912
7289.06	1.5239E6	1.86705E6	245508
7292.06	1.52104E6	1.87509E6	245522
7295.07	1.5188E6	1.8832E6	247931
7298.02	1.51602E6	1.89099E6	250087
7300.98	1.51288E6	1.89869E6	252400
7303.99	1.50991E6	1.90656E6	253905
7306.95	1.50681E6	1.91458E6	257085
7309.92	1.5037E6	1.92133E6	258195
7313.15	1.50052E6	1.92985E6	259773
7316.01	1.49769E6	1.93576E6	260882
7318.93	1.49475E6	1.94428E6	262811
7322.06	1.49188E6	1.95304E6	264806
7324.88	1.48934E6	1.96095E6	266829
7328.07	1.4863E6	1.96861E6	269101
7330.9	1.48351E6	1.97611E6	271183
7334.09	1.48024E6	1.98405E6	273484
7336.98	1.47763E6	1.9925E6	275860
7339.97	1.47472E6	2.00083E6	276057
7343.01	1.47156E6	2.00777E6	279229
7345.95	1.46875E6	2.01678E6	281534
7349.06	1.46572E6	2.02534E6	283217
7351.9	1.46282E6	2.03234E6	285486
7355.17	1.45989E6	2.0408E6	286783
7357.91	1.45607E6	2.04504E6	289301
7360.97	1.43285E6	2.02637E6	288630
7363.93	1.4493E6	2.06117E6	291719
7366.99	1.4488E6	2.07272E6	296113
7370.01	1.44596E6	2.08159E6	297277
7373.08	1.44297E6	2.08976E6	300199
7376	1.44029E6	2.09676E6	302194
7379.07	1.43717E6	2.10575E6	303556
7381.94	1.43456E6	2.11227E6	305835
7385.02	1.43157E6	2.12195E6	308498
7387.84	1.42885E6	2.13024E6	309416
7391.14	1.42646E6	2.13915E6	312659
7393.85	1.42398E6	2.14755E6	314158
7397.21	1.42105E6	2.15608E6	316471
7399.88	1.4187E6	2.16397E6	319042
7403.08	1.41596E6	2.17307E6	321278
7405.92	1.41363E6	2.18079E6	322732
7409.07	1.41071E6	2.18933E6	325935
7411.96	1.40831E6	2.19773E6	328292
7415.07	1.40538E6	2.20647E6	329747
7417.97	1.40227E6	2.21287E6	333069
7421.08	1.3995E6	2.22176E6	334358
7424.09	1.39711E6	2.23064E6	336407
7426.99	1.39421E6	2.23849E6	338458
7429.95	1.39165E6	2.24642E6	340360
7433.13	1.38881E6	2.254E6	342238
7435.82	1.3863E6	2.26388E6	344998
7439.11	1.38353E6	2.27286E6	348734
7441.87	1.38091E6	2.28114E6	351847
7445.11	1.37822E6	2.28887E6	352139
7447.87	1.37577E6	2.29705E6	354946
7451.11	1.37285E6	2.30588E6	356837
7453.88	1.37037E6	2.31426E6	359265
7457.08	1.36735E6	2.32237E6	362796
